-14.41967 3.97651 
-14.35955 3.73522 
-14.29943 3.57271 
-14.23931 3.5166 
-14.17919 3.53569 
-14.11907 3.57051 
-14.05895 3.57938 
-13.99883 3.54763 
-13.93871 3.45829 
-13.87859 3.27277 
-13.81847 2.95518 
-13.75835 2.5175 
-13.69823 2.03443 
-13.63811 1.60882 
-13.57799 1.32278 
-13.51787 1.21976 
-13.45775 1.32101 
-13.39763 1.64109 
-13.33751 2.17526 
-13.27739 2.86958 
-13.21727 3.60931 
-13.15714 4.24906 
-13.09702 4.67289 
-13.0369 4.84751 
-12.97678 4.83541 
-12.91666 4.76021 
-12.85654 4.74265 
-12.79642 4.83762 
-12.7363 5.00289 
-12.67618 5.12327 
-12.61606 5.08523 
-12.55594 4.85373 
-12.49582 4.49059 
-12.4357 4.10386 
-12.37558 3.77903 
-12.31546 3.54706 
-12.25534 3.39742 
-12.19522 3.30833 
-12.1351 3.26989 
-12.07498 3.2975 
-12.01486 3.43767 
-11.95474 3.75726 
-11.89462 4.30477 
-11.8345 5.05526 
-11.77438 5.88404 
-11.71426 6.60878 
-11.65414 7.07567 
-11.59402 7.21153 
-11.5339 7.0051 
-11.47378 6.47307 
-11.41366 5.67257 
-11.35354 4.7327 
-11.29342 3.83265 
-11.2333 3.12263 
-11.17318 2.65907 
-11.11306 2.40735 
-11.05294 2.29275 
-10.99282 2.24884 
-10.9327 2.2378 
-10.87258 2.24927 
-10.81246 2.29234 
-10.75234 2.38717 
-10.69222 2.55281 
-10.6321 2.78749 
-10.57198 3.05305 
-10.51186 3.28478 
-10.45174 3.42672 
-10.39162 3.46375 
-10.3315 3.42447 
-10.27138 3.35958 
-10.21126 3.32065 
-10.15114 3.36096 
-10.09102 3.55835 
-10.0309 4.03129 
-9.97078 4.90027 
-9.91066 6.1725 
-9.85054 7.61591 
-9.79042 8.77034 
-9.73029 9.17843 
-9.67017 8.69184 
-9.61005 7.57342 
-9.54993 6.29563 
-9.48981 5.23771 
-9.42969 4.53747 
-9.36957 4.14307 
-9.30945 3.93788 
-9.24933 3.82651 
-9.18921 3.75779 
-9.12909 3.71046 
-9.06897 3.67449 
-9.00885 3.64529 
-8.94873 3.62343 
-8.88861 3.61057 
-8.82849 3.60932 
-8.76837 3.63348 
-8.70825 3.71749 
-8.64813 3.9147 
-8.58801 4.28148 
-8.52789 4.83977 
-8.46777 5.52982 
-8.40765 6.20461 
-8.34753 6.70151 
-8.28741 6.94234 
-8.22729 6.97489 
-8.16717 6.93206 
-8.10705 6.9575 
-8.04693 7.14291 
-7.98681 7.48482 
-7.92669 7.86693 
-7.86657 8.09609 
-7.80645 8.00368 
-7.74633 7.56104 
-7.68621 6.91629 
-7.62609 6.31181 
-7.56597 5.95081 
-7.50585 5.92169 
-7.44573 6.21332 
-7.38561 6.76772 
-7.32549 7.51544 
-7.26537 8.38836 
-7.20525 9.33069 
-7.14513 10.32035 
-7.08501 11.38646 
-7.02489 12.58721 
-6.96477 13.93516 
-6.90465 15.31253 
-6.84453 16.43926 
-6.78441 16.933 
-6.72429 16.46928 
-6.66417 14.98566 
-6.60405 12.78465 
-6.54393 10.41626 
-6.48381 8.41067 
-6.42369 7.07185 
-6.36357 6.45554 
-6.30344 6.47072 
-6.24332 6.97344 
-6.1832 7.78387 
-6.12308 8.6492 
-6.06296 9.23817 
-6.00284 9.24366 
-5.94272 8.5555 
-5.8826 7.34827 
-5.82248 5.97972 
-5.76236 4.7873 
-5.70224 3.96088 
-5.64212 3.55399 
-5.582 3.55217 
-5.52188 3.91862 
-5.46176 4.61535 
-5.40164 5.61407 
-5.34152 6.87663 
-5.2814 8.29686 
-5.22128 9.65793 
-5.16116 10.67842 
-5.10104 11.14353 
-5.04092 11.01816 
-4.9808 10.44141 
-4.92068 9.61809 
-4.86056 8.71641 
-4.80044 7.8452 
-4.74032 7.0818 
-4.6802 6.48613 
-4.62008 6.0869 
-4.55996 5.87274 
-4.49984 5.80964 
-4.43972 5.87268 
-4.3796 6.06913 
-4.31948 6.43835 
-4.25936 7.01804 
-4.19924 7.77878 
-4.13912 8.56554 
-4.079 9.11826 
-4.01888 9.20253 
-3.95876 8.76756 
-3.89864 7.98814 
-3.83852 7.14313 
-3.7784 6.44061 
-3.71828 5.93372 
-3.65816 5.55975 
-3.59804 5.22876 
-3.53792 4.88601 
-3.4778 4.52791 
-3.41768 4.18633 
-3.35756 3.90054 
-3.29744 3.69306 
-3.23732 3.56167 
-3.1772 3.48823 
-3.11708 3.45412 
-3.05696 3.45207 
-2.99684 3.49383 
-2.93671 3.61429 
-2.87659 3.86519 
-2.81647 4.28796 
-2.75635 4.87054 
-2.69623 5.52133 
-2.63611 6.09835 
-2.57599 6.48446 
-2.51587 6.64553 
-2.45575 6.62258 
-2.39563 6.48158 
-2.33551 6.27815 
-2.27539 6.05172 
-2.21527 5.81836 
-2.15515 5.55466 
-2.09503 5.20948 
-2.03491 4.76172 
-1.97479 4.27179 
-1.91467 3.85788 
-1.85455 3.6077 
-1.79443 3.51461 
-1.73431 3.49991 
-1.67419 3.48806 
-1.61407 3.45839 
-1.55395 3.43919 
-1.49383 3.46648 
-1.43371 3.54275 
-1.37359 3.6159 
-1.31347 3.5897 
-1.25335 3.37182 
-1.19323 2.93884 
-1.13311 2.36657 
-1.07299 1.79095 
-1.01287 1.32888 
-0.95275 1.02532 
-0.89263 0.85837 
-0.83251 0.77853 
-0.77239 0.74242 
-0.71227 0.72443 
-0.65215 0.7131 
-0.59203 0.70437 
-0.53191 0.69705 
-0.47179 0.69078 
-0.41167 0.68538 
-0.35155 0.68077 
-0.29143 0.67693 
-0.23131 0.67383 
-0.17119 0.67149 
-0.11107 0.66989 
-0.05095 0.66905 
0.00917 0.66897 
0.06929 0.66969 
0.12941 0.67123 
0.18953 0.67364 
0.24965 0.67698 
0.30977 0.68134 
0.36989 0.68681 
0.43001 0.69354 
0.49014 0.70177 
0.55026 0.71215 
0.61038 0.72678 
0.6705 0.75196 
0.73062 0.8037 
0.79074 0.91414 
0.85086 1.1315 
0.91098 1.50357 
0.9711 2.04682 
1.03122 2.72729 
1.09134 3.48243 
1.15146 4.27061 
1.21158 5.08916 
1.2717 5.92685 
1.33182 6.69987 
1.39194 7.25328 
1.45206 7.44152 
1.51218 7.21956 
1.5723 6.67363 
1.63242 5.97751 
1.69254 5.31047 
1.75266 4.78821 
1.81278 4.44184 
1.8729 4.2431 
1.93302 4.14532 
1.99314 4.11188 
2.05326 4.12497 
2.11338 4.1836 
2.1735 4.30049 
2.23362 4.49846 
2.29374 4.79808 
2.35386 5.18867 
2.41398 5.5925 
2.4741 5.85839 
2.53422 5.82192 
2.59434 5.41345 
2.65446 4.72495 
2.71458 3.96276 
2.7747 3.32268 
2.83482 2.89604 
2.89494 2.66636 
2.95506 2.56621 
3.01518 2.53232 
3.0753 2.52677 
3.13542 2.53209 
3.19554 2.54184 
3.25566 2.55486 
3.31578 2.57117 
3.3759 2.59046 
3.43602 2.61316 
3.49614 2.64021 
3.55626 2.67195 
3.61638 2.70899 
3.6765 2.75294 
3.73662 2.8057 
3.79674 2.86989 
3.85686 2.9509 
3.91699 3.05851 
3.97711 3.20877 
4.03723 3.42414 
4.09735 3.72362 
4.15747 4.09628 
4.21759 4.47008 
4.27771 4.7108 
4.33783 4.68077 
4.39795 4.33275 
4.45807 3.75915 
4.51819 3.1416 
4.57831 2.64134 
4.63843 2.32491 
4.69855 2.17029 
4.75867 2.11908 
4.81879 2.1198 
4.87891 2.14235 
4.93903 2.1739 
4.99915 2.21048 
5.05927 2.25131 
5.11939 2.29677 
5.17951 2.3478 
5.23963 2.40566 
5.29975 2.4723 
5.35987 2.55139 
5.41999 2.65025 
5.48011 2.78358 
5.54023 2.9772 
5.60035 3.26399 
5.66047 3.6612 
5.72059 4.12986 
5.78071 4.54853 
5.84083 4.75019 
5.90095 4.62641 
5.96107 4.22025 
6.02119 3.71597 
6.08131 3.32948 
6.14143 3.19844 
6.20155 3.35345 
6.26167 3.76236 
6.32179 4.38842 
6.38191 5.21537 
6.44203 6.22069 
6.50215 7.3092 
6.56227 8.26553 
6.62239 8.80362 
6.68251 8.71613 
6.74263 8.00618 
6.80275 6.87891 
6.86287 5.61317 
6.92299 4.44328 
6.98311 3.52501 
7.04323 2.94506 
7.10335 2.71654 
7.16347 2.76878 
7.22359 2.97558 
7.28371 3.23202 
7.34384 3.53221 
7.40396 3.97898 
7.46408 4.69571 
7.5242 5.69141 
7.58432 6.78671 
7.64444 7.6784 
7.70456 8.10895 
7.76468 8.01252 
7.8248 7.52807 
7.88492 6.89212 
7.94504 6.31683 
8.00516 5.93361 
8.06528 5.7935 
8.1254 5.87733 
8.18552 6.10535 
8.24564 6.37378 
8.30576 6.62476 
8.36588 6.90209 
8.426 7.33199 
8.48612 8.02443 
8.54624 8.96236 
8.60636 9.96518 
8.66648 10.76209 
8.7266 11.12897 
8.78672 10.99367 
8.84684 10.44958 
8.90696 9.69646 
8.96708 8.9596 
9.0272 8.4147 
9.08732 8.13547 
9.14744 8.09209 
9.20756 8.20369 
9.26768 8.39884 
9.3278 8.63457 
9.38792 8.87293 
9.44804 9.0538 
9.50816 9.09757 
9.56828 8.93957 
9.6284 8.57463 
9.68852 8.08805 
9.74864 7.65199 
9.80876 7.46859 
9.86888 7.65965 
9.929 8.15322 
9.98912 8.66343 
10.04924 8.82842 
10.10936 8.43969 
10.16948 7.5824 
10.2296 6.56152 
10.28972 5.68568 
10.34984 5.10199 
10.40996 4.79749 
10.47008 4.71513 
10.5302 4.84567 
10.59032 5.20985 
10.65044 5.77002 
10.71057 6.38494 
10.77069 6.87044 
10.83081 7.11221 
10.89093 7.12236 
10.95105 6.99187 
11.01117 6.79744 
11.07129 6.56297 
11.13141 6.30329 
11.19153 6.0774 
11.25165 5.97503 
11.31177 6.04933 
11.37189 6.26955 
11.43201 6.53855 
11.49213 6.75299 
11.55225 6.85299 
11.61237 6.83304 
11.67249 6.72805 
11.73261 6.59806 
11.79273 6.51237 
11.85285 6.52415 
11.91297 6.6437 
11.97309 6.8294 
12.03321 7.0039 
12.09333 7.09111 
12.15345 7.05869 
12.21357 6.93756 
12.27369 6.80114 
12.33381 6.72345 
12.39393 6.74895 
12.45405 6.88281 
12.51417 7.09032 
12.57429 7.30122 
12.63441 7.4293 
12.69453 7.41075 
12.75465 7.24073 
12.81477 6.97679 
12.87489 6.70141 
12.93501 6.47112 
12.99513 6.29187 
13.05525 6.1374 
13.11537 5.9912 
13.17549 5.87279 
13.23561 5.82419 
13.29573 5.87533 
13.35585 6.03736 
13.41597 6.33859 
13.47609 6.84727 
13.53621 7.62782 
13.59633 8.66666 
13.65645 9.84532 
13.71657 10.97643 
13.77669 11.86433 
13.83681 12.37101 
13.89693 12.47685 
13.95705 12.2953 
14.01717 12.01466 
14.07729 11.8091 
14.13742 11.78446 
14.19754 11.97113 
14.25766 12.32514 
14.31778 12.71449 
14.3779 12.93037 
14.43802 12.77755 
14.49814 12.20986 
14.55826 11.385 
14.61838 10.56522 
14.6785 9.94227 
14.73862 9.53388 
14.79874 9.22054 
14.85886 8.87033 
14.91898 8.44849 
14.9791 8.04959 
15.03922 7.8604 
15.09934 8.08608 
15.15946 8.8483 
15.21958 10.0705 
15.2797 11.42844 
15.33982 12.46415 
15.39994 12.83966 
15.46006 12.54037 
15.52018 11.84589 
15.5803 11.10057 
